3 12 16
3 12 17
3 12 18
3 12 19
3 12 20
3 12 21
3 12 22
3 12 23
3 13 15
2 13 16
2 13 17
2 13 18
2 13 19
2 13 20
2 13 21
2 13 22
2 13 23
3 13 24
3 14 15
2 14 16
3 14 22
2 14 23
2 14 24
3 14 25
3 15 15
2 15 16
3 15 22
3 15 23
2 15 24
2 15 25
3 15 26
3 16 15
2 16 16
3 16 23
3 16 24
2 16 25
3 16 26
3 17 15
2 17 16
2 17 25
3 17 26
3 18 15
2 18 16
2 18 25
3 18 26
3 19 15
2 19 16
2 19 25
3 19 26
3 20 15
2 20 16
2 20 25
3 20 26
3 21 15
2 21 16
2 21 25
3 21 26
3 22 15
2 22 16
2 22 17
2 22 18
2 22 19
2 22 20
2 22 21
2 22 22
2 22 23
2 22 24
2 22 25
3 22 26
3 23 16
3 23 17
3 23 18
3 23 19
3 23 20
3 23 21
3 23 22
3 23 23
3 23 24
3 23 25
2 26 20
2 26 21
2 27 20
2 27 21
2 28 20
2 28 21
2 29 20
2 29 21
2 30 16
2 30 17
2 30 18
2 30 19
2 30 20
2 30 21
2 30 22
2 30 23
2 30 24
2 30 25
2 31 16
2 31 17
2 31 18
2 31 19
2 31 20
2 31 21
2 31 22
2 31 23
2 31 24
2 31 25
2 32 20
2 32 21
2 33 20
2 33 21
2 34 20
2 34 21
2 35 20
2 35 21
