9 2 13
9 3 10
2 3 11
2 3 12
9 3 13
9 4 4
9 4 5
9 4 6
9 4 7
2 4 8
2 4 9
2 4 10
9 4 11
2 4 12
9 4 13
9 5 3
2 5 7
2 5 8
9 5 13
2 5 14
2 5 15
9 5 16
9 6 3
5 6 9
5 6 10
5 6 11
9 6 14
2 6 15
2 6 16
9 7 3
2 7 5
5 7 11
9 7 16
9 8 3
2 8 5
4 8 8
4 8 9
5 8 11
4 8 12
4 8 13
4 8 14
9 8 16
9 9 2
9 9 3
2 9 5
4 9 7
4 9 9
4 9 10
4 9 14
9 9 17
9 10 2
2 10 6
4 10 7
5 10 12
4 10 14
9 10 17
9 11 2
2 11 6
4 11 7
5 11 12
2 12 6
2 12 7
7 12 8
5 12 12
5 12 13
5 12 14
9 13 3
7 13 8
7 13 9
7 13 10
6 13 11
9 14 3
8 14 6
7 14 10
6 14 11
9 15 4
8 15 6
8 15 7
8 15 8
6 15 12
8 16 8
6 16 12
6 16 13
6 16 14
8 17 8
