2 4 14
2 4 15
2 4 16
2 5 14
7 5 15
2 5 16
2 5 17
2 5 18
2 6 14
7 6 15
2 6 16
7 6 17
7 6 18
2 6 19
2 6 20
2 7 4
2 7 5
2 7 6
2 7 7
2 7 8
2 7 9
2 7 10
2 7 11
2 7 12
2 7 13
2 7 14
7 7 15
2 7 16
7 7 17
7 7 18
7 7 19
2 7 20
2 8 3
9 8 4
9 8 5
9 8 6
9 8 7
9 8 8
9 8 9
9 8 10
9 8 11
9 8 12
9 8 13
2 8 14
7 8 15
2 8 16
7 8 17
7 8 18
7 8 19
2 8 20
2 9 3
9 9 4
9 9 5
9 9 6
9 9 7
9 9 8
9 9 9
9 9 10
9 9 11
9 9 12
9 9 13
2 9 14
7 9 15
2 9 16
7 9 17
7 9 18
7 9 19
2 9 20
2 10 3
9 10 4
9 10 5
9 10 6
9 10 7
9 10 8
9 10 9
9 10 10
9 10 11
9 10 12
9 10 13
2 10 14
7 10 15
2 10 16
7 10 17
7 10 18
7 10 19
2 10 20
2 11 3
9 11 4
9 11 5
9 11 6
9 11 7
9 11 8
9 11 9
9 11 10
9 11 11
9 11 12
9 11 13
2 11 14
7 11 15
2 11 16
7 11 17
7 11 18
7 11 19
2 11 20
2 12 3
9 12 4
9 12 5
9 12 6
9 12 7
9 12 8
9 12 9
9 12 10
9 12 11
9 12 12
9 12 13
2 12 14
7 12 15
2 12 16
7 12 17
7 12 18
7 12 19
2 12 20
2 13 3
9 13 4
9 13 5
9 13 6
9 13 7
9 13 8
9 13 9
9 13 10
9 13 11
9 13 12
9 13 13
2 13 14
7 13 15
2 13 16
7 13 17
7 13 18
7 13 19
2 13 20
2 14 4
2 14 5
2 14 6
2 14 7
9 14 8
9 14 9
2 14 10
2 14 11
2 14 12
2 14 13
2 14 14
7 14 15
2 14 16
7 14 17
7 14 18
7 14 19
2 14 20
2 15 7
9 15 8
9 15 9
2 15 10
2 15 14
7 15 15
2 15 16
7 15 17
7 15 18
2 15 19
2 15 20
2 16 6
2 16 7
9 16 8
9 16 9
2 16 10
2 16 14
7 16 15
2 16 16
2 16 17
2 16 18
2 17 6
9 17 7
9 17 8
9 17 9
2 17 10
2 17 14
2 17 15
2 17 16
2 18 6
2 18 7
2 18 8
2 18 9
2 18 10
