3 16 23
2 16 24
2 16 27
3 17 22
2 17 23
3 17 24
2 17 25
3 17 27
3 18 21
2 18 22
3 18 23
3 18 25
2 18 26
3 18 27
3 19 20
2 19 21
3 19 22
3 19 26
2 19 27
3 20 19
2 20 20
3 20 21
2 20 22
3 20 23
2 20 27
3 21 18
2 21 19
3 21 20
3 21 22
2 21 23
3 21 24
2 21 27
3 22 17
2 22 18
3 22 19
3 22 23
2 22 24
3 22 25
2 22 27
3 23 16
2 23 17
3 23 18
3 23 24
2 23 25
3 23 26
2 23 27
3 24 15
2 24 16
3 24 17
3 24 25
2 24 26
3 24 27
2 25 15
3 25 16
3 25 24
2 25 25
3 25 26
3 25 27
3 26 15
2 26 16
3 26 17
3 26 23
2 26 24
3 26 25
2 26 27
3 27 16
2 27 17
3 27 18
3 27 22
2 27 23
3 27 24
2 27 27
3 28 17
2 28 18
3 28 19
3 28 21
2 28 22
3 28 23
2 28 27
3 29 18
2 29 19
3 29 20
2 29 21
3 29 22
2 29 27
3 30 19
2 30 20
3 30 21
2 30 27
3 31 20
2 31 27
