5 18 18
5 18 19
5 18 28
5 18 29
5 19 18
5 19 19
5 19 20
5 19 27
5 19 28
5 19 29
5 20 19
5 20 20
5 20 21
5 20 26
5 20 27
5 20 28
5 21 20
5 21 21
5 21 22
5 21 25
5 21 26
5 21 27
5 22 21
5 22 22
5 22 23
5 22 24
5 22 25
5 22 26
5 23 22
5 23 23
5 23 24
5 23 25
5 24 22
5 24 23
5 24 24
5 24 25
5 25 21
5 25 22
5 25 23
5 25 24
5 25 25
5 25 26
5 26 20
5 26 21
5 26 22
5 26 25
5 26 26
5 26 27
5 27 19
5 27 20
5 27 21
5 27 26
5 27 27
5 27 28
5 28 18
5 28 19
5 28 20
5 28 27
5 28 28
5 28 29
5 29 18
5 29 19
5 29 28
5 29 29
