2 19 16
2 19 17
2 19 18
2 19 19
2 19 20
2 19 21
3 19 22
2 20 15
2 20 16
3 20 17
2 20 21
2 20 22
3 20 23
3 21 14
2 21 15
3 21 16
3 21 22
2 21 23
3 21 24
2 22 14
3 22 15
3 22 23
2 22 24
3 22 25
2 23 14
3 23 24
2 23 25
3 23 26
2 24 14
3 24 25
2 24 26
3 24 27
2 25 14
3 25 15
3 25 18
3 25 26
2 25 27
3 25 28
3 26 14
2 26 15
3 26 17
2 26 18
3 26 27
2 26 28
2 27 15
2 27 16
3 27 17
2 27 18
3 28 15
2 28 16
2 28 17
2 28 18
2 29 14
2 29 15
2 29 16
2 29 17
2 29 18
3 30 14
3 30 15
3 30 16
3 30 17
3 30 18
