3 17 22
3 17 23
3 18 21
2 18 22
2 18 23
2 18 24
3 19 21
2 19 22
3 19 23
2 19 24
2 19 25
3 19 26
3 20 14
2 20 15
2 20 16
2 20 17
2 20 18
2 20 19
2 20 20
2 20 21
2 20 22
2 20 23
2 20 25
2 20 26
3 20 27
2 21 14
3 21 15
3 21 16
3 21 17
3 21 18
3 21 19
3 21 20
3 21 21
3 21 22
3 21 23
3 21 25
2 21 26
2 21 27
3 21 28
2 22 14
3 22 15
3 22 16
3 22 17
3 22 18
3 22 19
3 22 20
3 22 26
2 22 27
3 22 28
3 23 14
2 23 15
2 23 16
2 23 17
2 23 18
2 23 19
3 23 27
2 23 28
2 24 19
2 24 28
2 25 19
3 25 20
2 25 28
2 26 19
2 26 20
2 26 27
2 26 28
3 27 19
2 27 20
2 27 26
2 27 27
2 28 20
2 28 21
2 28 22
2 28 23
2 28 24
2 28 25
2 28 26
