2 16 13
2 16 14
2 16 15
2 16 16
6 17 13
6 17 14
6 17 15
2 17 16
3 17 17
6 18 13
6 18 14
6 18 15
2 18 16
2 18 17
3 18 18
6 19 13
6 19 14
6 19 15
2 19 16
3 19 17
2 19 18
2 19 19
2 19 20
2 19 21
2 19 22
6 20 13
6 20 14
6 20 15
2 20 16
4 20 17
4 20 18
4 20 19
4 20 20
4 20 21
2 20 22
6 21 13
6 21 14
6 21 15
2 21 16
4 21 17
4 21 18
4 21 19
4 21 20
4 21 21
2 21 22
2 21 23
2 21 24
2 21 25
2 21 26
2 21 27
2 21 28
6 22 13
6 22 14
6 22 15
2 22 16
4 22 17
4 22 18
4 22 19
4 22 20
4 22 21
2 22 22
6 22 23
6 22 24
6 22 25
6 22 26
2 22 27
3 22 28
6 23 13
6 23 14
6 23 15
2 23 16
4 23 17
4 23 18
4 23 19
4 23 20
4 23 21
2 23 22
6 23 23
6 23 24
6 23 25
6 23 26
2 23 27
6 24 13
6 24 14
6 24 15
2 24 16
4 24 17
4 24 18
4 24 19
4 24 20
4 24 21
2 24 22
6 24 23
6 24 24
6 24 25
2 24 26
3 24 27
6 25 13
6 25 14
6 25 15
2 25 16
4 25 17
4 25 18
4 25 19
4 25 20
4 25 21
2 25 22
6 25 23
6 25 24
6 25 25
2 25 26
6 26 13
6 26 14
6 26 15
2 26 16
4 26 17
4 26 18
4 26 19
4 26 20
4 26 21
2 26 22
2 26 23
2 26 24
2 26 25
3 26 26
6 27 13
6 27 14
6 27 15
2 27 16
4 27 17
4 27 18
4 27 19
4 27 20
4 27 21
2 27 22
6 28 13
6 28 14
6 28 15
2 28 16
3 28 17
2 28 18
2 28 19
2 28 20
2 28 21
2 28 22
6 29 13
6 29 14
6 29 15
2 29 16
2 29 17
3 29 18
6 30 13
6 30 14
6 30 15
2 30 16
3 30 17
2 31 13
2 31 14
2 31 15
2 31 16
