7 0 0
7 0 1
7 0 2
7 0 3
7 0 4
7 0 5
7 0 6
7 0 7
7 0 8
7 0 9
7 0 10
7 0 11
7 0 12
7 0 13
7 0 14
7 0 15
7 0 16
7 0 17
7 0 18
7 0 19
7 0 20
7 0 21
7 1 0
7 1 1
7 1 2
7 1 3
7 1 4
2 1 5
2 1 6
2 1 7
2 1 8
7 1 9
7 1 10
7 1 11
7 1 12
7 1 13
7 1 14
7 1 15
7 1 16
7 1 17
7 1 18
7 1 19
7 1 20
7 1 21
7 2 0
7 2 1
7 2 2
7 2 3
2 2 4
5 2 5
5 2 6
5 2 7
2 2 8
2 2 9
7 2 10
7 2 11
7 2 12
7 2 13
7 2 14
7 2 15
7 2 16
7 2 17
7 2 18
7 2 19
7 2 20
7 2 21
7 3 0
7 3 1
7 3 2
2 3 3
5 3 4
5 3 5
5 3 6
5 3 7
5 3 8
2 3 9
7 3 10
7 3 11
7 3 12
7 3 13
7 3 14
7 3 15
7 3 16
7 3 17
7 3 18
7 3 19
7 3 20
7 3 21
7 4 0
7 4 1
7 4 2
2 4 3
5 4 4
5 4 5
5 4 6
5 4 7
5 4 8
2 4 9
2 4 10
2 4 11
2 4 12
2 4 13
2 4 14
2 4 15
7 4 16
7 4 17
7 4 18
7 4 19
7 4 20
7 4 21
7 5 0
7 5 1
7 5 2
2 5 3
5 5 4
5 5 5
5 5 6
5 5 7
5 5 8
2 5 9
7 5 10
7 5 11
7 5 12
7 5 13
7 5 14
7 5 15
2 5 16
7 5 17
7 5 18
7 5 19
7 5 20
7 5 21
7 6 0
7 6 1
7 6 2
7 6 3
2 6 4
5 6 5
5 6 6
5 6 7
2 6 8
7 6 9
7 6 10
7 6 11
7 6 12
7 6 13
7 6 14
7 6 15
2 6 16
7 6 17
7 6 18
7 6 19
7 6 20
7 6 21
7 7 0
7 7 1
7 7 2
7 7 3
7 7 4
2 7 5
2 7 6
2 7 7
7 7 8
7 7 9
7 7 10
7 7 11
7 7 12
7 7 13
7 7 14
7 7 15
2 7 16
7 7 17
7 7 18
7 7 19
7 7 20
7 7 21
7 8 0
7 8 1
7 8 2
7 8 3
7 8 4
7 8 5
7 8 6
2 8 7
7 8 8
7 8 9
2 8 10
2 8 11
7 8 12
2 8 13
2 8 14
2 8 15
7 8 16
7 8 17
7 8 18
7 8 19
7 8 20
7 8 21
7 9 0
7 9 1
7 9 2
7 9 3
7 9 4
7 9 5
7 9 6
2 9 7
7 9 8
7 9 9
2 9 10
2 9 11
2 9 12
7 9 13
7 9 14
7 9 15
7 9 16
7 9 17
7 9 18
7 9 19
7 9 20
7 9 21
7 10 0
7 10 1
7 10 2
7 10 3
7 10 4
7 10 5
7 10 6
2 10 7
7 10 8
7 10 9
2 10 10
2 10 11
2 10 12
7 10 13
7 10 14
7 10 15
7 10 16
7 10 17
7 10 18
7 10 19
7 10 20
7 10 21
7 11 0
7 11 1
7 11 2
7 11 3
7 11 4
7 11 5
7 11 6
2 11 7
7 11 8
7 11 9
2 11 10
2 11 11
2 11 12
7 11 13
7 11 14
7 11 15
7 11 16
7 11 17
7 11 18
7 11 19
7 11 20
7 11 21
7 12 0
7 12 1
7 12 2
7 12 3
7 12 4
7 12 5
7 12 6
2 12 7
7 12 8
7 12 9
2 12 10
2 12 11
7 12 12
2 12 13
2 12 14
2 12 15
7 12 16
7 12 17
7 12 18
7 12 19
7 12 20
7 12 21
7 13 0
7 13 1
7 13 2
7 13 3
7 13 4
2 13 5
2 13 6
2 13 7
7 13 8
7 13 9
7 13 10
7 13 11
7 13 12
7 13 13
7 13 14
7 13 15
2 13 16
7 13 17
7 13 18
7 13 19
7 13 20
7 13 21
7 14 0
7 14 1
7 14 2
7 14 3
2 14 4
5 14 5
5 14 6
5 14 7
2 14 8
7 14 9
7 14 10
7 14 11
7 14 12
7 14 13
7 14 14
7 14 15
2 14 16
7 14 17
7 14 18
7 14 19
7 14 20
7 14 21
7 15 0
7 15 1
7 15 2
2 15 3
5 15 4
5 15 5
5 15 6
5 15 7
5 15 8
2 15 9
7 15 10
7 15 11
7 15 12
7 15 13
7 15 14
7 15 15
2 15 16
7 15 17
7 15 18
7 15 19
7 15 20
7 15 21
7 16 0
7 16 1
7 16 2
2 16 3
5 16 4
5 16 5
5 16 6
5 16 7
5 16 8
2 16 9
2 16 10
2 16 11
2 16 12
2 16 13
2 16 14
2 16 15
7 16 16
7 16 17
7 16 18
7 16 19
7 16 20
7 16 21
7 17 0
7 17 1
7 17 2
2 17 3
5 17 4
5 17 5
5 17 6
5 17 7
5 17 8
2 17 9
7 17 10
7 17 11
7 17 12
7 17 13
7 17 14
7 17 15
7 17 16
7 17 17
7 17 18
7 17 19
7 17 20
7 17 21
7 18 0
7 18 1
7 18 2
7 18 3
2 18 4
5 18 5
5 18 6
5 18 7
2 18 8
2 18 9
7 18 10
7 18 11
7 18 12
7 18 13
7 18 14
7 18 15
7 18 16
7 18 17
7 18 18
7 18 19
7 18 20
7 18 21
7 19 0
7 19 1
7 19 2
7 19 3
7 19 4
2 19 5
2 19 6
2 19 7
2 19 8
7 19 9
7 19 10
7 19 11
7 19 12
7 19 13
7 19 14
7 19 15
7 19 16
7 19 17
7 19 18
7 19 19
7 19 20
7 19 21
7 20 0
7 20 1
7 20 2
7 20 3
7 20 4
7 20 5
7 20 6
7 20 7
7 20 8
7 20 9
7 20 10
7 20 11
7 20 12
7 20 13
7 20 14
7 20 15
7 20 16
7 20 17
7 20 18
7 20 19
7 20 20
7 20 21
7 21 0
7 21 1
7 21 2
7 21 3
7 21 4
7 21 5
7 21 6
7 21 7
7 21 8
7 21 9
7 21 10
7 21 11
7 21 12
7 21 13
7 21 14
7 21 15
7 21 16
7 21 17
7 21 18
7 21 19
7 21 20
7 21 21
