3 16 15
2 16 16
2 16 17
2 16 18
2 16 19
2 16 20
2 16 21
2 16 22
2 16 23
2 16 24
2 16 25
2 16 26
3 16 27
3 17 15
2 17 16
2 17 26
3 17 27
3 18 15
2 18 16
2 18 26
3 18 27
3 19 15
2 19 16
2 19 26
3 19 27
3 20 15
2 20 16
2 20 26
3 20 27
3 21 15
2 21 16
2 21 26
3 21 27
3 22 15
2 22 16
2 22 26
3 22 27
3 23 15
2 23 16
2 23 26
3 23 27
3 24 15
2 24 16
2 24 26
3 24 27
3 25 15
2 25 16
2 25 26
3 25 27
3 26 15
2 26 16
2 26 26
3 26 27
3 27 15
2 27 16
2 27 26
3 27 27
3 28 15
2 28 16
2 28 26
3 28 27
3 29 15
2 29 16
2 29 26
3 29 27
3 30 15
2 30 16
2 30 17
2 30 18
2 30 19
2 30 20
2 30 21
2 30 22
2 30 23
2 30 24
2 30 25
2 30 26
3 30 27
